254
[0. 0. 0.]
[-0.09100363 -0.15593535 -0.07969084]
[0.02083283 0.07979555 0.14773042]
[-0.07828873 -0.03466856  0.23093148]
[-0.04091671  0.05859827  0.26977284]
[ 0.13386628 -0.01808658  0.12690103]
[-0.00380633 -0.19597061  0.31461003]
[ 0.09355872 -0.07333492  0.38342445]
[0.00857358 0.07795335 0.45386832]
[ 0.2689279  -0.05028728  0.06825425]
[-0.14745253  0.04329553  0.31408427]
[0.19947684 0.03113783 0.37050793]
[-0.07690645 -0.04661857  0.56407223]
[0.11810392 0.15421998 0.59167902]
[ 0.17723706 -0.09544567  0.48319845]
[0.07518561 0.05912659 0.64591152]
[0.10244961 0.32414081 0.61387923]
[0.09805718 0.27247981 0.68238609]
[0.03357215 0.3506694  0.43134429]
[-0.09958715  0.17582902  0.45524887]
[-0.12510851 -0.31519952  0.22801632]
[ 0.29312519 -0.22151434  0.45249124]
[0.13768799 0.36454262 0.7778911 ]
[ 0.31508535 -0.09867001  0.58092574]
[0.01991142 0.49874394 0.84829561]
[ 0.11016946 -0.04261081  0.67187201]
[ 0.12375051 -0.16727362  0.79763771]
[0.27678048 0.26008834 0.69478069]
[-0.00298578 -0.13297864  0.92823369]
[-0.24260007  0.16028696  0.57207586]
[-0.0911571  -0.33116376  0.40073921]
[0.25612589 0.3662043  0.85199221]
[-0.18522145 -0.17185284  0.91568558]
[1.17372007e-01 6.26705700e-04 9.68051731e-01]
[ 0.17852603 -0.07982047  0.88914758]
[-0.0349366   0.60713486  0.93614812]
[-0.32309601 -0.04802534  0.31651498]
[ 0.26172411 -0.21764713  0.7446543 ]
[-0.43320318 -0.1121555   0.44840764]
[-0.04116612  0.02140619  1.06290524]
[-0.23361822 -0.2529766   1.0001928 ]
[0.03057173 0.10182722 1.15518595]
[0.44923486 0.29546089 0.71775138]
[0.01995999 0.06045468 1.06592074]
[-0.32618313 -0.31660215  1.07328686]
[0.13448597 0.68192246 0.98246308]
[-0.29578683 -0.12360211  0.88031516]
[-0.06471598  0.1943536   1.22895011]
[-0.08218515  0.26047198  1.18813208]
[0.0590755  0.28892944 1.18233283]
[0.13006884 0.87403165 1.01100386]
[-0.49822014 -0.08666473  0.57176444]
[-0.16644694  0.06704784  1.23734921]
[0.01613439 0.26080231 1.32085844]
[-0.05014059  0.0409397   1.37076246]
[-0.09086043 -0.11173663  1.31997289]
[-0.01223987  0.01749539  1.42010772]
[-0.45653717 -0.26853175  0.49983274]
[0.13634157 0.93645594 1.18432255]
[-0.48298805 -0.39070688  0.59371653]
[-0.11448529 -0.03087831  1.55102623]
[0.00727053 0.86490718 0.89300207]
[-0.24087593  0.26975146  1.26042227]
[0.50337915 0.21703601 0.56179297]
[0.04192455 0.24925267 1.49499023]
[-0.38140692  0.32359484  1.22021695]
[-0.13287151  0.2190767   1.43418874]
[-0.08219871  0.01996011  1.54201222]
[-0.10160232 -0.2005806   1.60918431]
[ 0.05296605 -0.14490699  1.67600527]
[ 0.2267117  -0.16630664  1.74420921]
[-0.50538885 -0.28614221  1.04062852]
[ 0.25736036 -0.1217722   1.84747276]
[-0.0464717  -0.26985667  1.67635598]
[-0.06550942 -0.29514972  1.68436424]
[ 0.15536222 -0.01432913  1.85729788]
[0.06449054 0.09847129 1.89956935]
[-0.5438758   0.29506428  1.20087867]
[ 0.09949923 -0.13084082  1.29763098]
[-0.12376008 -0.37702853  1.81731906]
[0.10866147 0.1258024  1.95658358]
[-0.58229981  0.3343749   1.36824981]
[-0.11115612  0.3977974   1.26468354]
[-0.00976575 -0.35563148  1.85839704]
[ 0.00639949 -0.43571036  1.95383928]
[ 0.22504609 -0.02675055  1.95182661]
[ 0.13510757 -0.55562544  1.88289929]
[ 0.34800816 -0.15141875  2.00540525]
[ 0.10628036 -0.73852268  1.86237904]
[ 0.08955269 -0.37817899  2.04802513]
[ 0.4399546  -0.23301449  1.93754171]
[ 0.02813912 -0.37308659  2.20024754]
[-0.17903744  0.32575867  1.58806048]
[-0.19027088 -0.47240067  1.71078942]
[-0.08712438  0.19878857  1.96403215]
[-0.06581995 -0.28003197  2.28331283]
[-0.01262024 -0.11148643  2.29387152]
[0.22255121 0.27061079 2.0295178 ]
[-0.54385371  0.11947248  1.2632323 ]
[ 0.1192069  -0.50632779  2.3000542 ]
[0.33777213 0.39077194 2.04725838]
[-0.05639174 -0.18019378  2.45715111]
[ 0.51739017 -0.06647644  2.0178415 ]
[0.08086218 0.02470371 2.38546876]
[0.26906488 0.84166969 1.09628791]
[ 0.03757445 -0.03698422  2.37464764]
[0.43186057 0.51128348 1.92991748]
[ 0.11252429 -0.10833526  2.3674482 ]
[ 0.08137409 -0.05667485  2.43891993]
[-0.003707   -0.20208156  2.40706791]
[-0.17713102  0.4895673   1.67243684]
[-0.17632909 -0.23504809  2.13241132]
[-0.06508145 -0.13999027  2.62598927]
[-0.18000222 -0.19069976  2.7544524 ]
[-0.27015768 -0.07062584  2.80037273]
[-0.01971469 -0.1521368   2.86343963]
[-0.21714051  0.02313332  2.94271034]
[-0.31960645 -0.20723244  2.24949792]
[ 0.15494324 -0.16665754  2.93615532]
[ 0.18116455 -0.36139857  2.91730063]
[ 0.23719901 -0.24248644  3.04741825]
[ 0.22383179 -0.73499058  1.98994077]
[-0.56328835 -0.23553523  0.36716264]
[-0.45456544 -0.12837082  2.79674762]
[ 0.01594138 -0.6608002   2.24462207]
[-0.299286    0.09043085  3.03570881]
[ 0.02334995 -0.00299601  2.98009152]
[ 0.15592938 -0.37037054  3.12836593]
[-0.55538847 -0.24295559  2.66767073]
[-0.41635779 -0.10688555  2.98465804]
[-0.02114382  0.15377588  3.08703838]
[0.11869322 0.09252792 2.89684102]
[0.11844186 0.19076915 3.19591914]
[-0.65753761 -0.38782281  2.75519538]
[0.09520212 0.07704639 3.29598199]
[0.18518129 0.19458692 3.39924007]
[0.04992908 0.32100889 3.2175052 ]
[-0.53419857 -0.40933001  2.6297061 ]
[ 0.39381548 -0.31119138  2.07012571]
[0.01652767 0.29495832 3.39992372]
[0.27195837 0.17860318 3.40889417]
[-0.73620708 -0.54598258  2.69199907]
[-0.83366263 -0.43177858  2.59786236]
[0.43386561 0.24396803 3.33730017]
[ 0.22567814 -0.48685574  2.89532217]
[0.12297599 0.19755927 3.52934105]
[-0.44552252 -0.2619503   3.10677128]
[-0.34975749  0.09802343  3.17073264]
[-0.71696534 -0.28664108  2.88857395]
[0.39232842 0.17059278 3.54981556]
[0.26157567 0.96171834 1.29420331]
[-0.37073366  0.07203533  3.34192001]
[-0.50223264 -0.37174876  3.25882056]
[0.17626147 0.10141695 3.50543081]
[ 0.1068597  -0.03269551  3.47657929]
[-0.40498668 -0.30085997  3.4008808 ]
[-0.32270858 -0.23991587  3.51725446]
[ 0.28679495 -0.10396342  2.85171513]
[-0.03559247 -0.14474613  3.47785266]
[ 0.06811102 -0.06841541  3.48597355]
[-0.12716318 -0.20022749  3.64330965]
[-0.19103583 -0.31797086  3.74912443]
[-0.34097698 -0.3335473   3.03515818]
[0.41744222 0.41072231 3.2552853 ]
[0.5895168  0.18073447 3.57336256]
[-0.26405069 -0.32859977  3.85948865]
[-0.25732629 -0.15670597  3.91341339]
[0.69164014 0.18284902 3.7203057 ]
[-0.4128998  -0.04208041  3.94497039]
[0.54244579 0.52153239 3.35280082]
[-0.34227366 -0.25353486  3.98783465]
[-0.01295674  0.23445246  3.63577385]
[-0.16999777 -0.43602294  3.7361726 ]
[ 0.34344128 -0.01902418  3.53049054]
[-0.11818735 -0.04360675  3.93620975]
[ 0.15482615 -0.52911922  3.18535671]
[-0.14973763 -0.03102825  3.9227578 ]
[-0.41730231 -0.37983789  4.08886636]
[0.58799533 0.16056988 3.84602276]
[-0.43996027 -0.22954318  4.15806592]
[0.54514108 0.04082726 3.78475024]
[0.71991639 0.34785739 3.80555752]
[-0.57340973 -0.27100657  4.26550157]
[ 0.26569275 -0.57097097  3.30740833]
[ 0.22119739 -0.6140078   3.45488784]
[-0.23599562 -0.27904766  4.12092128]
[-1.01258139 -0.46367034  2.64424179]
[0.58095475 0.25297014 4.0196989 ]
[-0.38820127  0.23864371  3.33479968]
[0.72294145 0.17134732 4.11271658]
[0.82120826 0.34346057 3.90202381]
[ 0.1974059  -0.76760248  3.47154671]
[ 0.36115624 -0.68618766  3.44455769]
[0.9065956  0.17190807 4.14712554]
[-0.26672544  0.06986615  4.00004702]
[ 0.54838255 -0.71200622  3.50190444]
[-0.2319706  -0.01601976  4.17363544]
[0.06347098 0.19834679 3.77666451]
[-0.23107943  0.08600883  4.27976783]
[0.78424926 0.16693081 4.27567317]
[0.91314818 0.40251506 3.79293227]
[-0.50630854 -0.38274879  4.31934815]
[ 0.66704081 -0.08384252  3.85939681]
[-0.50517214  0.05416479  3.79893917]
[-0.15921396  0.00598922  4.4289814 ]
[ 0.77375713 -0.00769234  4.27615208]
[ 0.73478331 -0.15854396  4.28970078]
[-0.24616108  0.04927338  4.46876692]
[-0.37181967 -0.05432121  4.51954013]
[-0.27915089 -0.18482166  4.52710907]
[ 0.12957819 -0.47605317  3.49261803]
[ 0.69500602 -0.33180727  4.33232621]
[-0.20575938 -0.12564884  4.59609299]
[1.0142174  0.07236756 4.07032882]
[ 0.64443848 -0.24593577  3.93605353]
[ 0.55324693 -0.20135446  4.37798428]
[-0.21897709 -0.02870816  4.66341609]
[0.65676323 0.29770686 4.22388611]
[-0.31706665  0.15780632  4.59087833]
[ 0.64081703 -0.09030316  4.48556821]
[-0.56711136 -0.52425751  4.39800793]
[-0.16034265  0.09101705  4.76957679]
[-0.10256679  0.1794876   4.89267852]
[-0.37133087 -0.29606032  4.63469356]
[-0.30001385  0.0263788   4.87609781]
[-0.12336657  0.30171769  5.04195163]
[-0.52702063  0.01637486  4.06167381]
[ 0.61564093 -0.79294629  3.57308057]
[-0.20819041 -0.06299692  4.80978871]
[-0.08072115  0.16062945  5.02711144]
[-8.89323683e-02  4.99344895e-03  5.00821546e+00]
[ 0.04901536 -0.05772358  5.04838485]
[-0.06795566 -0.11311098  4.47575558]
[-0.41822824 -0.00743565  4.96093258]
[-0.02491642  0.03091093  5.14321533]
[-0.35774316 -0.42763404  4.72278608]
[ 0.04833328 -0.1552629   5.14137744]
[0.9962829  0.5387086  3.87714459]
[ 0.17812689 -0.07784274  5.22418722]
[0.31990806 0.04669219 5.22753805]
[0.37318444 0.10407223 5.15063934]
[ 0.21486797 -0.94314711  3.40877278]
[-0.14325304  0.49582308  5.07390747]
[0.04221005 0.06948741 4.83900706]
[ 0.34921975 -0.03967143  5.38779682]
[-0.19143503  0.04407284  5.19964115]
[-0.19656414  0.63311671  5.1914012 ]
[ 0.3508307  -0.20892001  5.42737398]
[ 0.52443372 -0.29738353  5.40287401]
[0.67992967 0.06684279 4.50935283]
[0.80139912 0.02747079 4.53973341]
[-0.35355369 -0.02705218  5.21479971]
[0.19765226 0.03321555 5.48845933]
[0.2014493  0.17177148 5.47108911]
[0, 1]
[0, 2]
[2, 3]
[2, 4]
[0, 5]
[3, 6]
[6, 7]
[4, 8]
[5, 9]
[3, 10]
[7, 11]
[8, 12]
[8, 13]
[7, 14]
[13, 15]
[13, 16]
[13, 17]
[16, 18]
[8, 19]
[6, 20]
[14, 21]
[16, 22]
[14, 23]
[22, 24]
[15, 25]
[25, 26]
[17, 27]
[26, 28]
[19, 29]
[6, 30]
[22, 31]
[28, 32]
[28, 33]
[26, 34]
[24, 35]
[10, 36]
[26, 37]
[36, 38]
[33, 39]
[32, 40]
[39, 41]
[27, 42]
[33, 43]
[40, 44]
[35, 45]
[32, 46]
[41, 47]
[41, 48]
[41, 49]
[45, 50]
[38, 51]
[47, 52]
[47, 53]
[52, 54]
[54, 55]
[54, 56]
[38, 57]
[50, 58]
[57, 59]
[56, 60]
[50, 61]
[47, 62]
[42, 63]
[53, 64]
[62, 65]
[53, 66]
[54, 67]
[60, 68]
[68, 69]
[69, 70]
[44, 71]
[70, 72]
[68, 73]
[68, 74]
[72, 75]
[75, 76]
[65, 77]
[55, 78]
[73, 79]
[75, 80]
[77, 81]
[48, 82]
[74, 83]
[79, 84]
[72, 85]
[84, 86]
[72, 87]
[86, 88]
[84, 89]
[87, 90]
[89, 91]
[66, 92]
[79, 93]
[76, 94]
[91, 95]
[95, 96]
[80, 97]
[77, 98]
[91, 99]
[97, 100]
[96, 101]
[87, 102]
[96, 103]
[50, 104]
[96, 105]
[100, 106]
[96, 107]
[96, 108]
[95, 109]
[92, 110]
[95, 111]
[101, 112]
[112, 113]
[113, 114]
[113, 115]
[114, 116]
[111, 117]
[115, 118]
[118, 119]
[118, 120]
[88, 121]
[38, 122]
[114, 123]
[99, 124]
[116, 125]
[115, 126]
[120, 127]
[123, 128]
[123, 129]
[126, 130]
[126, 131]
[130, 132]
[128, 133]
[132, 134]
[134, 135]
[132, 136]
[128, 137]
[87, 138]
[135, 139]
[135, 140]
[133, 141]
[141, 142]
[140, 143]
[119, 144]
[135, 145]
[129, 146]
[125, 147]
[133, 148]
[140, 149]
[58, 150]
[147, 151]
[146, 152]
[135, 153]
[153, 154]
[152, 155]
[155, 156]
[118, 157]
[154, 158]
[154, 159]
[158, 160]
[160, 161]
[146, 162]
[143, 163]
[149, 164]
[161, 165]
[165, 166]
[164, 167]
[166, 168]
[163, 169]
[165, 170]
[145, 171]
[161, 172]
[149, 173]
[166, 174]
[127, 175]
[166, 176]
[170, 177]
[167, 178]
[170, 179]
[178, 180]
[167, 181]
[179, 182]
[175, 183]
[183, 184]
[170, 185]
[142, 186]
[178, 187]
[151, 188]
[187, 189]
[181, 190]
[184, 191]
[184, 192]
[189, 193]
[168, 194]
[192, 195]
[194, 196]
[171, 197]
[196, 198]
[189, 199]
[190, 200]
[182, 201]
[180, 202]
[168, 203]
[198, 204]
[199, 205]
[205, 206]
[198, 207]
[207, 208]
[208, 209]
[184, 210]
[206, 211]
[208, 212]
[193, 213]
[202, 214]
[211, 215]
[212, 216]
[189, 217]
[207, 218]
[215, 219]
[201, 220]
[216, 221]
[221, 222]
[209, 223]
[221, 224]
[222, 225]
[168, 226]
[195, 227]
[216, 228]
[222, 229]
[229, 230]
[230, 231]
[204, 232]
[224, 233]
[229, 234]
[223, 235]
[231, 236]
[200, 237]
[236, 238]
[238, 239]
[239, 240]
[191, 241]
[225, 242]
[222, 243]
[239, 244]
[234, 245]
[242, 246]
[244, 247]
[247, 248]
[219, 249]
[249, 250]
[245, 251]
[244, 252]
[252, 253]
